      ch   ns   offset     was       need
------------------------------------------

new discr ================================
early, need delay

Sector 1
ST01 6781  678   2(1)          3          5(4)
ST02 6753  675   -1(0)         3          2(3)
ST03 6788  679   3(1)          2          5(3)                     6730
ST04 6819  682   6(3)          1          7(4)

Sector 2
ST05 6808  681   5(2)          1          6(2)
ST06 6825  683   7(3)          0          7(3)
ST07 6839  684   8(4)          0          8(4)
ST08 6825  683   7(3)          0          7(3)

Sector 3
ST09 6810  681   5(2)          1          6(3)
ST10 6814  681   5(2)          0          5(2)
ST11 6814  681   5(2)          0          5(2)
ST12 6823  682   6(3)          0          6(3)

old discr =================================
later

Sector 4
ST13 6772  677   1(0)          4          5(4)
ST14 6768  677   1(0)          3          4(3)
ST15 6782  678   2(0)          3          5(3)
ST16 6768  677   1(0)          3          4(3)

Sector 5
ST// 6774  677   1(0)          2          3(2)
STPA 6776  678   2(1)          2          4(3)
STWC 6791  679   3(1)          1          4(2)
ST/P 6778  678   2(1)          1          3(2)

Sector 6
STHO 6758  676   0(0)          2          2(2)
STTO 6757  676   0(0)          2          2(2)
STN  6760  676   0(0)          2          2(2)
ST   6758  676   0(0)          2          2(2)
            |
            |
   smallest tdc->biggest delay    

 N(M) - N assuming 100ps/channel, N assuming 50ps/channel
