21
233 453 199 413 191 475 179 539 167 553 188 565 183 584 210 580 253 595 266 572 260 554 247 550 253 524 272 521 307 514 324 484 337 476 339 451 339 424 307 404 262 444 229 429 233 453 
253 595 266 572 260 554 247 550 253 524 272 521 307 514 324 484 337 476 339 451 377 445 377 473 399 473 415 446 421 473 435 503 449 507 441 518 443 528 412 542 405 551 409 562 360 559 353 574 368 581 364 599 381 609 356 621 300 605 292 613 278 602 253 595 
356 621 381 609 364 599 368 581 353 574 360 559 409 562 405 551 412 542 443 528 441 518 449 507 435 503 421 473 434 450 448 452 449 466 458 457 472 459 480 502 496 493 517 500 524 515 517 525 493 559 474 555 430 577 430 604 429 632 363 631 356 621 
493 559 517 525 524 515 517 500 556 506 571 506 568 496 550 493 567 467 597 450 589 437 614 434 640 451 629 477 640 484 666 511 670 531 632 556 586 587 564 579 493 559 
472 459 500 429 474 422 460 398 464 388 468 363 490 365 500 354 515 360 524 343 534 340 552 353 588 342 618 342 634 367 623 387 638 411 614 434 589 437 597 450 567 467 550 493 568 496 571 506 556 506 517 500 496 493 480 502 472 459 
588 342 552 353 534 340 534 310 548 287 542 258 557 236 591 241 605 232 616 243 634 265 602 314 588 342 
634 265 616 243 632 212 620 216 621 203 627 181 617 178 616 160 625 158 638 169 664 152 657 232 634 265 
543 124 524 124 521 147 519 182 541 208 557 236 591 241 605 232 616 243 632 212 620 216 621 203 627 181 617 178 616 160 625 158 638 169 664 152 604 145 589 122 543 124 
543 124 537 114 509 97 512 89 507 74 476 93 477 117 468 130 457 145 449 178 448 191 441 204 471 238 491 235 504 231 514 232 516 255 542 258 557 236 541 208 519 182 521 147 524 124 543 124 
468 363 474 342 457 324 431 336 422 323 411 276 423 271 416 250 429 240 423 225 441 204 471 238 491 235 504 231 514 232 516 255 542 258 548 287 534 310 534 340 524 343 515 360 500 354 490 365 468 363 
377 445 405 416 398 402 406 366 392 353 422 323 431 336 457 324 474 342 468 363 464 388 460 398 474 422 500 429 472 459 458 457 449 466 448 452 434 450 421 473 415 446 399 473 377 473 377 445 
307 404 305 379 330 352 343 353 357 348 378 345 392 353 406 366 398 402 405 416 377 445 339 451 339 424 307 404 
229 429 207 400 202 381 209 375 196 356 210 347 238 355 236 328 224 301 261 292 276 287 289 314 300 303 320 331 330 352 305 379 307 404 262 444 229 429 
476 93 424 83 339 80 345 33 385 28 409 33 426 28 433 49 476 68 476 93 
449 178 419 156 403 155 384 152 370 145 360 149 365 132 361 119 365 102 339 80 424 83 476 93 477 117 468 130 457 145 449 178 
365 132 360 149 355 166 351 176 321 186 295 168 293 128 290 105 339 80 365 102 361 119 365 132 
321 186 327 203 315 209 316 222 301 211 303 192 278 207 268 192 238 199 224 200 206 203 191 181 193 157 181 104 217 113 224 133 272 139 280 113 290 105 293 128 295 168 321 186 
351 176 362 206 371 222 389 211 400 227 423 225 441 204 448 191 449 178 419 156 403 155 384 152 370 145 360 149 355 166 351 176 
276 287 283 263 299 262 309 250 317 243 316 222 315 209 327 203 321 186 351 176 362 206 371 222 389 211 400 227 423 225 429 240 416 250 423 271 411 276 422 323 392 353 378 345 357 348 343 353 330 352 320 331 300 303 289 314 276 287 
224 200 226 233 218 246 196 244 173 257 161 264 140 263 137 272 155 282 155 282 151 291 160 296 152 311 176 338 196 356 210 347 238 355 236 328 224 301 261 292 276 287 283 263 299 262 309 250 317 243 316 222 301 211 303 192 278 207 268 192 238 199 224 200 
191 181 150 176 140 182 127 159 92 157 91 165 41 171 41 194 50 198 37 204 46 208 34 211 37 222 53 231 68 242 87 247 104 248 105 262 116 261 117 252 140 263 161 264 173 257 196 244 218 246 226 233 224 200 206 203 191 181 
21
2 12 13
1 12 11 3
2 11 5 4
3 5
3 4 11 10 6
5 10 9 8 7
6 8
6 7 9
6 8 15 18 10
5 6 9 11 19 18
2 3 5 10 12 19
1 2 11 13 19
1 12 20 19
15
9 14 18 16
15 18 19 17
16 19 20 21
9 10 15 16 19
10 11 12 13 16 17 18 20
13 17 19 21
17 20
