47
147 404 145 369 155 363 147 358 148 347 145 332 155 332 158 317 213 321 214 419 189 418 147 404
213 321 273 316 274 329 274 403 241 400 241 413 223 411 214 419 213 321
274 329 308 329 308 359 335 374 364 371 375 373 375 382 372 407 382 441 371 446 367 458 357 459 349 474 350 494 324 483 302 449 285 442 279 452 261 443 261 433 241 413 241 400 274 403 274 329
147 404 113 401 113 391 83 351 68 347 54 311 59 302 51 298 36 267 38 228 90 226 92 294 147 358 155 363 145 369 147 404
159 227 125 227 90 226 92 294 147 358 148 347 145 332 155 332 158 317 159 227
159 227 183 228 182 250 214 253 213 321 158 317 159 227
182 250 183 228 181 195 181 183 256 186 256 222 257 249 214 253 182 250
257 107 142 107 137 137 143 143 147 167 156 171 166 194 181 195 181 183 256 186 256 167 257 107
125 108 142 107 137 137 143 143 147 167 156 171 166 194 181 195 181 195 183 228 159 227 125 227 127 205 117 196 123 190 123 166 125 108
125 108 123 166 99 165 61 172 60 162 52 160 39 114 50 117 48 107 125 108
52 160 52 184 40 204 38 228 90 226 125 227 127 205 117 196 123 190 123 166 99 165 61 172 60 162 52 160
475 416 445 416 454 432 437 431 439 355 464 350 475 416
464 350 500 350 495 363 521 411 508 417 475 416 464 350
519 504 511 493 502 470 501 452 489 434 474 438 454 432 445 416 475 416 508 417 521 411 523 435 543 466 535 493 519 504
521 411 495 363 500 350 525 347 547 345 559 359 544 369 538 391 523 398 521 411
353 267 364 318 416 324 416 308 389 263 353 267
364 318 364 371 375 373 375 382 396 378 401 352 416 324 364 318
282 316 283 269 353 267 364 318 282 316
337 163 342 142 332 124 330 106 257 107 256 167 337 163
342 225 344 205 344 182 337 163 256 167 256 186 256 222 324 219 342 225
387 203 344 205 344 182 337 163 342 142 332 124 330 106 364 106 412 121 395 141 385 155 386 176 387 203
410 145 436 129 437 141 460 136 461 153 476 162 449 159 432 167 426 153 410 145
432 167 429 176 442 172 432 187 429 216 391 214 387 203 386 176 385 155 395 141 410 145 426 153 432 167
391 214 429 216 441 225 436 272 433 289 416 308 389 263 394 240 407 240 391 214
389 263 353 267 347 254 342 225 344 205 387 203 391 214 407 240 394 240 389 263
434 449 410 448 402 443 382 441 382 441 372 407 375 382 396 378 402 389 392 409 400 416 421 415 424 431 434 449
401 352 416 324 434 321 483 316 501 319 483 335 464 350 439 355 401 352
401 352 439 355 437 431 424 431 421 415 400 416 392 409 402 389 396 378 401 352
364 371 335 374 308 359 308 329 274 329 273 316 282 316 364 318 364 371
282 316 273 316 213 321 214 253 257 249 283 249 283 269 282 316
353 267 283 269 283 249 257 249 256 222 324 219 342 225 347 254 353 267
676 173 644 185 626 153 654 131 666 142 676 173
644 185 619 194 606 193 600 211 636 213 656 215 644 197 644 185
626 153 627 169 615 181 619 194 644 185 626 153
604 158 626 153 627 169 615 181 619 194 606 193 604 158
604 239 589 238 572 222 526 220 522 200 553 192 556 179 582 159 604 158 606 193 600 211 604 239
604 239 600 211 636 213 631 229 604 239
604 239 589 238 591 254 588 268 583 278 595 291 601 285 616 264 604 239
578 318 501 319 483 335 464 350 500 350 525 347 547 345 559 359 581 335 578 318
517 273 514 261 513 222 526 220 572 222 589 238 591 254 588 268 583 278 528 274 517 273
528 274 550 284 565 290 579 297 588 306 595 291 583 278 528 274
528 274 550 284 529 294 514 304 501 298 494 282 514 261 517 273 528 274
433 289 436 272 441 225 464 221 470 275 459 283 433 289
486 222 497 196 483 177 476 185 476 162 449 159 445 186 448 201 441 225 464 221 486 222
494 282 484 273 470 275 464 221 486 222 513 222 514 261 494 282
501 298 483 316 434 321 416 324 416 308 433 289 459 283 470 275 484 273 494 282 501 298
483 316 501 298 514 304 529 294 550 284 565 290 579 297 588 306 578 318 501 319 483 316
47
4 5 6 2
1 30 29 3
2 29 17 26
1 11 5
1 4 9 11 6
1 5 9 7 30
6 9 8 20 31 30
7 9 20 19
5 6 7 8 11 10
9 11
4 5 9 10
14 28 27 13
12 39 15 14
12 13
13 39
18 17 46 24 25
3 16 29 26 28 27
16 30 31 29
8 21 20
7 8 19 25 21 31
19 20 25 23
44 23
21 22 24 25
16 23 43 46 25
16 20 21 23 24 31
3 17 28
12 17 46 47 39 28
12 17 26 27
2 3 17 18 30
2 6 7 18 29 31
7 18 20 25 30
34
34 35 36 37
32 33 35
33 34 36
33 35 38 40 37
33 36
36 40 41
13 15 27 47
36 38 42 45 41
38 40 42 47
40 41 47 46 45
24 44 45 46
22 43 45
40 42 43 44 46
16 24 27 42 43 45 47
27 39 41 42 46
