######## Translation table for ROC # 12
######## Tue May 27 16:54:04 EDT 1997
######## By uid=1990(serov) gid=146(clas)
######## Version # 1
#bank	sector#	sd1#	sd2#	ind#	tag#	stat#	roc#	slot#	type	channel#
CC  	1	0	1	0	210	0	12	10	1872	0
CC  	1	0	3	0	210	0	12	10	1872	1
CC  	1	0	5	0	210	0	12	10	1872	2
CC  	1	0	7	0	210	0	12	10	1872	3
CC  	1	0	9	0	210	0	12	10	1872	4
CC  	1	0	11	0	210	0	12	10	1872	5
CC  	1	0	13	0	210	0	12	10	1872	6
CC  	1	0	15	0	210	0	12	10	1872	7
CC  	1	0	17	0	210	0	12	10	1872	8
CC  	1	0	19	0	210	0	12	10	1872	9
CC  	1	0	21	0	210	0	12	10	1872	10
CC  	1	0	23	0	210	0	12	10	1872	11
CC  	1	0	25	0	210	0	12	10	1872	12
CC  	1	0	27	0	210	0	12	10	1872	13
CC  	1	0	29	0	210	0	12	10	1872	14
CC  	1	0	31	0	210	0	12	10	1872	15
CC  	1	0	33	0	210	0	12	10	1872	16
CC  	1	0	35	0	210	0	12	10	1872	17
CC  	1	0	2	0	210	0	12	10	1872	18
CC  	1	0	4	0	210	0	12	10	1872	19
#bank	sector#	sd1#	sd2#	ind#	tag#	stat#	roc#	slot#	type	channel#
CC  	1	0	6	0	210	0	12	10	1872	20
CC  	1	0	8	0	210	0	12	10	1872	21
CC  	1	0	10	0	210	0	12	10	1872	22
CC  	1	0	12	0	210	0	12	10	1872	23
CC  	1	0	14	0	210	0	12	10	1872	24
CC  	1	0	16	0	210	0	12	10	1872	25
CC  	1	0	18	0	210	0	12	10	1872	26
CC  	1	0	20	0	210	0	12	10	1872	27
CC  	1	0	22	0	210	0	12	10	1872	28
CC  	1	0	24	0	210	0	12	10	1872	29
CC  	1	0	26	0	210	0	12	10	1872	30
CC  	1	0	28	0	210	0	12	10	1872	31
CC  	1	0	30	0	210	0	12	10	1872	32
CC  	1	0	32	0	210	0	12	10	1872	33
CC  	1	0	34	0	210	0	12	10	1872	34
CC  	1	0	36	0	210	0	12	10	1872	35
CC  	2	0	1	0	220	0	12	10	1872	36
CC  	2	0	3	0	220	0	12	10	1872	37
CC  	2	0	5	0	220	0	12	10	1872	38
CC  	2	0	7	0	220	0	12	10	1872	39
#bank	sector#	sd1#	sd2#	ind#	tag#	stat#	roc#	slot#	type	channel#
CC  	2	0	9	0	220	0	12	10	1872	40
CC  	2	0	11	0	220	0	12	10	1872	41
CC  	2	0	13	0	220	0	12	10	1872	42
CC  	2	0	15	0	220	0	12	10	1872	43
CC  	2	0	17	0	220	0	12	10	1872	44
CC  	2	0	19	0	220	0	12	10	1872	45
CC  	2	0	21	0	220	0	12	10	1872	46
CC  	2	0	23	0	220	0	12	10	1872	47
CC  	2	0	25	0	220	0	12	10	1872	48
CC  	2	0	27	0	220	0	12	10	1872	49
CC  	2	0	29	0	220	0	12	10	1872	50
CC  	2	0	31	0	220	0	12	10	1872	51
CC  	2	0	33	0	220	0	12	10	1872	52
CC  	2	0	35	0	220	0	12	10	1872	53
CC  	2	0	2	0	220	0	12	10	1872	54
CC  	2	0	4	0	220	0	12	10	1872	55
CC  	2	0	6	0	220	0	12	10	1872	56
CC  	2	0	8	0	220	0	12	10	1872	57
CC  	2	0	10	0	220	0	12	10	1872	58
CC  	2	0	12	0	220	0	12	10	1872	59
#bank	sector#	sd1#	sd2#	ind#	tag#	stat#	roc#	slot#	type	channel#
CC  	2	0	14	0	220	0	12	10	1872	60
CC  	2	0	16	0	220	0	12	10	1872	61
CC  	2	0	18	0	220	0	12	10	1872	62
CC  	2	0	20	0	220	0	12	10	1872	63
CC  	2	0	22	0	220	0	12	17	1872	0
CC  	2	0	24	0	220	0	12	17	1872	1
CC  	2	0	26	0	220	0	12	17	1872	2
CC  	2	0	28	0	220	0	12	17	1872	3
CC  	2	0	30	0	220	0	12	17	1872	4
CC  	2	0	32	0	220	0	12	17	1872	5
CC  	2	0	34	0	220	0	12	17	1872	6
CC  	2	0	36	0	220	0	12	17	1872	7
CC  	3	0	1	0	230	0	12	17	1872	8
CC  	3	0	3	0	230	0	12	17	1872	9
CC  	3	0	5	0	230	0	12	17	1872	10
CC  	3	0	7	0	230	0	12	17	1872	11
CC  	3	0	9	0	230	0	12	17	1872	12
CC  	3	0	11	0	230	0	12	17	1872	13
CC  	3	0	13	0	230	0	12	17	1872	14
CC  	3	0	15	0	230	0	12	17	1872	15
#bank	sector#	sd1#	sd2#	ind#	tag#	stat#	roc#	slot#	type	channel#
CC  	3	0	17	0	230	0	12	17	1872	16
CC  	3	0	19	0	230	0	12	17	1872	17
CC  	3	0	21	0	230	0	12	17	1872	18
CC  	3	0	23	0	230	0	12	17	1872	19
CC  	3	0	25	0	230	0	12	17	1872	20
CC  	3	0	27	0	230	0	12	17	1872	21
CC  	3	0	29	0	230	0	12	17	1872	22
CC  	3	0	31	0	230	0	12	17	1872	23
CC  	3	0	33	0	230	0	12	17	1872	24
CC  	3	0	35	0	230	0	12	17	1872	25
CC  	3	0	2	0	230	0	12	17	1872	26
CC  	3	0	4	0	230	0	12	17	1872	27
CC  	3	0	6	0	230	0	12	17	1872	28
CC  	3	0	8	0	230	0	12	17	1872	29
CC  	3	0	10	0	230	0	12	17	1872	30
CC  	3	0	12	0	230	0	12	17	1872	31
CC  	3	0	14	0	230	0	12	17	1872	32
CC  	3	0	16	0	230	0	12	17	1872	33
CC  	3	0	18	0	230	0	12	17	1872	34
CC  	3	0	20	0	230	0	12	17	1872	35
#bank	sector#	sd1#	sd2#	ind#	tag#	stat#	roc#	slot#	type	channel#
CC  	3	0	22	0	230	0	12	17	1872	36
CC  	3	0	24	0	230	0	12	17	1872	37
CC  	3	0	26	0	230	0	12	17	1872	38
CC  	3	0	28	0	230	0	12	17	1872	39
CC  	3	0	30	0	230	0	12	17	1872	40
CC  	3	0	32	0	230	0	12	17	1872	41
CC  	3	0	34	0	230	0	12	17	1872	42
CC  	3	0	36	0	230	0	12	17	1872	43
CC  	4	0	1	0	240	0	12	17	1872	44
CC  	4	0	3	0	240	0	12	17	1872	45
CC  	4	0	5	0	240	0	12	17	1872	46
CC  	4	0	7	0	240	0	12	17	1872	47
CC  	4	0	9	0	240	0	12	17	1872	48
CC  	4	0	11	0	240	0	12	17	1872	49
CC  	4	0	13	0	240	0	12	17	1872	50
CC  	4	0	15	0	240	0	12	17	1872	51
CC  	4	0	17	0	240	0	12	17	1872	52
CC  	4	0	19	0	240	0	12	17	1872	53
CC  	4	0	21	0	240	0	12	17	1872	54
CC  	4	0	23	0	240	0	12	17	1872	55
#bank	sector#	sd1#	sd2#	ind#	tag#	stat#	roc#	slot#	type	channel#
CC  	4	0	25	0	240	0	12	17	1872	56
CC  	4	0	27	0	240	0	12	17	1872	57
CC  	4	0	29	0	240	0	12	17	1872	58
CC  	4	0	31	0	240	0	12	17	1872	59
CC  	4	0	33	0	240	0	12	17	1872	60
CC  	4	0	35	0	240	0	12	17	1872	61
CC  	4	0	2	0	240	0	12	17	1872	62
CC  	4	0	4	0	240	0	12	17	1872	63
CC  	4	0	6	0	240	0	12	8	1872	0
CC  	4	0	8	0	240	0	12	8	1872	1
CC  	4	0	10	0	240	0	12	8	1872	2
CC  	4	0	12	0	240	0	12	8	1872	3
CC  	4	0	14	0	240	0	12	8	1872	4
CC  	4	0	16	0	240	0	12	8	1872	5
CC  	4	0	18	0	240	0	12	8	1872	6
CC  	4	0	20	0	240	0	12	8	1872	7
CC  	4	0	22	0	240	0	12	8	1872	8
CC  	4	0	24	0	240	0	12	8	1872	9
CC  	4	0	26	0	240	0	12	8	1872	10
CC  	4	0	28	0	240	0	12	8	1872	11
#bank	sector#	sd1#	sd2#	ind#	tag#	stat#	roc#	slot#	type	channel#
CC  	4	0	30	0	240	0	12	8	1872	12
CC  	4	0	32	0	240	0	12	8	1872	13
CC  	4	0	34	0	240	0	12	8	1872	14
CC  	4	0	36	0	240	0	12	8	1872	15
CC  	5	0	1	0	250	0	12	8	1872	16
CC  	5	0	3	0	250	0	12	8	1872	17
CC  	5	0	5	0	250	0	12	8	1872	18
CC  	5	0	7	0	250	0	12	8	1872	19
CC  	5	0	9	0	250	0	12	8	1872	20
CC  	5	0	11	0	250	0	12	8	1872	21
CC  	5	0	13	0	250	0	12	8	1872	22
CC  	5	0	15	0	250	0	12	8	1872	23
CC  	5	0	17	0	250	0	12	8	1872	24
CC  	5	0	19	0	250	0	12	8	1872	25
CC  	5	0	21	0	250	0	12	8	1872	26
CC  	5	0	23	0	250	0	12	8	1872	27
CC  	5	0	25	0	250	0	12	8	1872	28
CC  	5	0	27	0	250	0	12	8	1872	29
CC  	5	0	29	0	250	0	12	8	1872	30
CC  	5	0	31	0	250	0	12	8	1872	31
#bank	sector#	sd1#	sd2#	ind#	tag#	stat#	roc#	slot#	type	channel#
CC  	5	0	33	0	250	0	12	8	1872	32
CC  	5	0	35	0	250	0	12	8	1872	33
CC  	5	0	2	0	250	0	12	8	1872	34
CC  	5	0	4	0	250	0	12	8	1872	35
CC  	5	0	6	0	250	0	12	8	1872	36
CC  	5	0	8	0	250	0	12	8	1872	37
CC  	5	0	10	0	250	0	12	8	1872	38
CC  	5	0	12	0	250	0	12	8	1872	39
CC  	5	0	14	0	250	0	12	8	1872	40
CC  	5	0	16	0	250	0	12	8	1872	41
CC  	5	0	18	0	250	0	12	8	1872	42
CC  	5	0	20	0	250	0	12	8	1872	43
CC  	5	0	22	0	250	0	12	8	1872	44
CC  	5	0	24	0	250	0	12	8	1872	45
CC  	5	0	26	0	250	0	12	8	1872	46
CC  	5	0	28	0	250	0	12	8	1872	47
CC  	5	0	30	0	250	0	12	8	1872	48
CC  	5	0	32	0	250	0	12	8	1872	49
CC  	5	0	34	0	250	0	12	8	1872	50
CC  	5	0	36	0	250	0	12	8	1872	51
#bank	sector#	sd1#	sd2#	ind#	tag#	stat#	roc#	slot#	type	channel#
CC  	6	0	1	0	260	0	12	8	1872	52
CC  	6	0	3	0	260	0	12	8	1872	53
CC  	6	0	5	0	260	0	12	8	1872	54
CC  	6	0	7	0	260	0	12	8	1872	55
CC  	6	0	9	0	260	0	12	8	1872	56
CC  	6	0	11	0	260	0	12	8	1872	57
CC  	6	0	13	0	260	0	12	8	1872	58
CC  	6	0	15	0	260	0	12	8	1872	59
CC  	6	0	17	0	260	0	12	8	1872	60
CC  	6	0	19	0	260	0	12	8	1872	61
CC  	6	0	21	0	260	0	12	8	1872	62
CC  	6	0	23	0	260	0	12	8	1872	63
CC  	6	0	25	0	260	0	12	7	1872	0
CC  	6	0	27	0	260	0	12	7	1872	1
CC  	6	0	29	0	260	0	12	7	1872	2
CC  	6	0	31	0	260	0	12	7	1872	3
CC  	6	0	33	0	260	0	12	7	1872	4
CC  	6	0	35	0	260	0	12	7	1872	5
CC  	6	0	2	0	260	0	12	7	1872	6
CC  	6	0	4	0	260	0	12	7	1872	7
#bank	sector#	sd1#	sd2#	ind#	tag#	stat#	roc#	slot#	type	channel#
CC  	6	0	6	0	260	0	12	7	1872	8
CC  	6	0	8	0	260	0	12	7	1872	9
CC  	6	0	10	0	260	0	12	7	1872	10
CC  	6	0	12	0	260	0	12	7	1872	11
CC  	6	0	14	0	260	0	12	7	1872	12
CC  	6	0	16	0	260	0	12	7	1872	13
CC  	6	0	18	0	260	0	12	7	1872	14
CC  	6	0	20	0	260	0	12	7	1872	15
CC  	6	0	22	0	260	0	12	7	1872	16
CC  	6	0	24	0	260	0	12	7	1872	17
CC  	6	0	26	0	260	0	12	7	1872	18
CC  	6	0	28	0	260	0	12	7	1872	19
CC  	6	0	30	0	260	0	12	7	1872	20
CC  	6	0	32	0	260	0	12	7	1872	21
CC  	6	0	34	0	260	0	12	7	1872	22
CC  	6	0	36	0	260	0	12	7	1872	23
CC  	1	0	1	1	210	0	12	6	1881	0
CC  	1	0	3	1	210	0	12	6	1881	1
CC  	1	0	5	1	210	0	12	6	1881	2
CC  	1	0	7	1	210	0	12	6	1881	3
#bank	sector#	sd1#	sd2#	ind#	tag#	stat#	roc#	slot#	type	channel#
CC  	1	0	9	1	210	0	12	6	1881	4
CC  	1	0	11	1	210	0	12	6	1881	5
CC  	1	0	13	1	210	0	12	6	1881	6
CC  	1	0	15	1	210	0	12	6	1881	7
CC  	1	0	17	1	210	0	12	6	1881	8
CC  	1	0	19	1	210	0	12	6	1881	9
CC  	1	0	21	1	210	0	12	6	1881	10
CC  	1	0	23	1	210	0	12	6	1881	11
CC  	1	0	25	1	210	0	12	6	1881	12
CC  	1	0	27	1	210	0	12	6	1881	13
CC  	1	0	29	1	210	0	12	6	1881	14
CC  	1	0	31	1	210	0	12	6	1881	15
CC  	1	0	33	1	210	0	12	6	1881	16
CC  	1	0	35	1	210	0	12	6	1881	17
CC  	1	0	2	1	210	0	12	6	1881	18
CC  	1	0	4	1	210	0	12	6	1881	19
CC  	1	0	6	1	210	0	12	6	1881	20
CC  	1	0	8	1	210	0	12	6	1881	21
CC  	1	0	10	1	210	0	12	6	1881	22
CC  	1	0	12	1	210	0	12	6	1881	23
#bank	sector#	sd1#	sd2#	ind#	tag#	stat#	roc#	slot#	type	channel#
CC  	1	0	14	1	210	0	12	6	1881	24
CC  	1	0	16	1	210	0	12	6	1881	25
CC  	1	0	18	1	210	0	12	6	1881	26
CC  	1	0	20	1	210	0	12	6	1881	27
CC  	1	0	22	1	210	0	12	6	1881	28
CC  	1	0	24	1	210	0	12	6	1881	29
CC  	1	0	26	1	210	0	12	6	1881	30
CC  	1	0	28	1	210	0	12	6	1881	31
CC  	1	0	30	1	210	0	12	6	1881	32
CC  	1	0	32	1	210	0	12	6	1881	33
CC  	1	0	34	1	210	0	12	6	1881	34
CC  	1	0	36	1	210	0	12	6	1881	35
CC  	2	0	1	1	220	0	12	6	1881	36
CC  	2	0	3	1	220	0	12	6	1881	37
CC  	2	0	5	1	220	0	12	6	1881	38
CC  	2	0	7	1	220	0	12	6	1881	39
CC  	2	0	9	1	220	0	12	6	1881	40
CC  	2	0	11	1	220	0	12	6	1881	41
CC  	2	0	13	1	220	0	12	6	1881	42
CC  	2	0	15	1	220	0	12	6	1881	43
#bank	sector#	sd1#	sd2#	ind#	tag#	stat#	roc#	slot#	type	channel#
CC  	2	0	17	1	220	0	12	6	1881	44
CC  	2	0	19	1	220	0	12	6	1881	45
CC  	2	0	21	1	220	0	12	6	1881	46
CC  	2	0	23	1	220	0	12	6	1881	47
CC  	2	0	25	1	220	0	12	6	1881	48
CC  	2	0	27	1	220	0	12	6	1881	49
CC  	2	0	29	1	220	0	12	6	1881	50
CC  	2	0	31	1	220	0	12	6	1881	51
CC  	2	0	33	1	220	0	12	6	1881	52
CC  	2	0	35	1	220	0	12	6	1881	53
CC  	2	0	2	1	220	0	12	6	1881	54
CC  	2	0	4	1	220	0	12	6	1881	55
CC  	2	0	6	1	220	0	12	6	1881	56
CC  	2	0	8	1	220	0	12	6	1881	57
CC  	2	0	10	1	220	0	12	6	1881	58
CC  	2	0	12	1	220	0	12	6	1881	59
CC  	2	0	14	1	220	0	12	6	1881	60
CC  	2	0	16	1	220	0	12	6	1881	61
CC  	2	0	18	1	220	0	12	6	1881	62
CC  	2	0	20	1	220	0	12	6	1881	63
#bank	sector#	sd1#	sd2#	ind#	tag#	stat#	roc#	slot#	type	channel#
CC  	2	0	22	1	220	0	12	5	1881	0
CC  	2	0	24	1	220	0	12	5	1881	1
CC  	2	0	26	1	220	0	12	5	1881	2
CC  	2	0	28	1	220	0	12	5	1881	3
CC  	2	0	30	1	220	0	12	5	1881	4
CC  	2	0	32	1	220	0	12	5	1881	5
CC  	2	0	34	1	220	0	12	5	1881	6
CC  	2	0	36	1	220	0	12	5	1881	7
CC  	3	0	1	1	230	0	12	5	1881	8
CC  	3	0	3	1	230	0	12	5	1881	9
CC  	3	0	5	1	230	0	12	5	1881	10
CC  	3	0	7	1	230	0	12	5	1881	11
CC  	3	0	9	1	230	0	12	5	1881	12
CC  	3	0	11	1	230	0	12	5	1881	13
CC  	3	0	13	1	230	0	12	5	1881	14
CC  	3	0	15	1	230	0	12	5	1881	15
CC  	3	0	17	1	230	0	12	5	1881	16
CC  	3	0	19	1	230	0	12	5	1881	17
CC  	3	0	21	1	230	0	12	5	1881	18
CC  	3	0	23	1	230	0	12	5	1881	19
#bank	sector#	sd1#	sd2#	ind#	tag#	stat#	roc#	slot#	type	channel#
CC  	3	0	25	1	230	0	12	5	1881	20
CC  	3	0	27	1	230	0	12	5	1881	21
CC  	3	0	29	1	230	0	12	5	1881	22
CC  	3	0	31	1	230	0	12	5	1881	23
CC  	3	0	33	1	230	0	12	5	1881	24
CC  	3	0	35	1	230	0	12	5	1881	25
CC  	3	0	2	1	230	0	12	5	1881	26
CC  	3	0	4	1	230	0	12	5	1881	27
CC  	3	0	6	1	230	0	12	5	1881	28
CC  	3	0	8	1	230	0	12	5	1881	29
CC  	3	0	10	1	230	0	12	5	1881	30
CC  	3	0	12	1	230	0	12	5	1881	31
CC  	3	0	14	1	230	0	12	5	1881	32
CC  	3	0	16	1	230	0	12	5	1881	33
CC  	3	0	18	1	230	0	12	5	1881	34
CC  	3	0	20	1	230	0	12	5	1881	35
CC  	3	0	22	1	230	0	12	5	1881	36
CC  	3	0	24	1	230	0	12	5	1881	37
CC  	3	0	26	1	230	0	12	5	1881	38
CC  	3	0	28	1	230	0	12	5	1881	39
#bank	sector#	sd1#	sd2#	ind#	tag#	stat#	roc#	slot#	type	channel#
CC  	3	0	30	1	230	0	12	5	1881	40
CC  	3	0	32	1	230	0	12	5	1881	41
CC  	3	0	34	1	230	0	12	5	1881	42
CC  	3	0	36	1	230	0	12	5	1881	43
CC  	4	0	1	1	240	0	12	5	1881	44
CC  	4	0	3	1	240	0	12	5	1881	45
CC  	4	0	5	1	240	0	12	5	1881	46
CC  	4	0	7	1	240	0	12	5	1881	47
CC  	4	0	9	1	240	0	12	5	1881	48
CC  	4	0	11	1	240	0	12	5	1881	49
CC  	4	0	13	1	240	0	12	5	1881	50
CC  	4	0	15	1	240	0	12	5	1881	51
CC  	4	0	17	1	240	0	12	5	1881	52
CC  	4	0	19	1	240	0	12	5	1881	53
CC  	4	0	21	1	240	0	12	5	1881	54
CC  	4	0	23	1	240	0	12	5	1881	55
CC  	4	0	25	1	240	0	12	5	1881	56
CC  	4	0	27	1	240	0	12	5	1881	57
CC  	4	0	29	1	240	0	12	5	1881	58
CC  	4	0	31	1	240	0	12	5	1881	59
#bank	sector#	sd1#	sd2#	ind#	tag#	stat#	roc#	slot#	type	channel#
CC  	4	0	33	1	240	0	12	5	1881	60
CC  	4	0	35	1	240	0	12	5	1881	61
CC  	4	0	2	1	240	0	12	5	1881	62
CC  	4	0	4	1	240	0	12	5	1881	63
CC  	4	0	6	1	240	0	12	4	1881	0
CC  	4	0	8	1	240	0	12	4	1881	1
CC  	4	0	10	1	240	0	12	4	1881	2
CC  	4	0	12	1	240	0	12	4	1881	3
CC  	4	0	14	1	240	0	12	4	1881	4
CC  	4	0	16	1	240	0	12	4	1881	5
CC  	4	0	18	1	240	0	12	4	1881	6
CC  	4	0	20	1	240	0	12	4	1881	7
CC  	4	0	22	1	240	0	12	4	1881	8
CC  	4	0	24	1	240	0	12	4	1881	9
CC  	4	0	26	1	240	0	12	4	1881	10
CC  	4	0	28	1	240	0	12	4	1881	11
CC  	4	0	30	1	240	0	12	4	1881	12
CC  	4	0	32	1	240	0	12	4	1881	13
CC  	4	0	34	1	240	0	12	4	1881	14
CC  	4	0	36	1	240	0	12	4	1881	15
#bank	sector#	sd1#	sd2#	ind#	tag#	stat#	roc#	slot#	type	channel#
CC  	5	0	1	1	250	0	12	4	1881	16
CC  	5	0	3	1	250	0	12	4	1881	17
CC  	5	0	5	1	250	0	12	4	1881	18
CC  	5	0	7	1	250	0	12	4	1881	19
CC  	5	0	9	1	250	0	12	4	1881	20
CC  	5	0	11	1	250	0	12	4	1881	21
CC  	5	0	13	1	250	0	12	4	1881	22
CC  	5	0	15	1	250	0	12	4	1881	23
CC  	5	0	17	1	250	0	12	4	1881	24
CC  	5	0	19	1	250	0	12	4	1881	25
CC  	5	0	21	1	250	0	12	4	1881	26
CC  	5	0	23	1	250	0	12	4	1881	27
CC  	5	0	25	1	250	0	12	4	1881	28
CC  	5	0	27	1	250	0	12	4	1881	29
CC  	5	0	29	1	250	0	12	4	1881	30
CC  	5	0	31	1	250	0	12	4	1881	31
CC  	5	0	33	1	250	0	12	4	1881	32
CC  	5	0	35	1	250	0	12	4	1881	33
CC  	5	0	2	1	250	0	12	4	1881	34
CC  	5	0	4	1	250	0	12	4	1881	35
#bank	sector#	sd1#	sd2#	ind#	tag#	stat#	roc#	slot#	type	channel#
CC  	5	0	6	1	250	0	12	4	1881	36
CC  	5	0	8	1	250	0	12	4	1881	37
CC  	5	0	10	1	250	0	12	4	1881	38
CC  	5	0	12	1	250	0	12	4	1881	39
CC  	5	0	14	1	250	0	12	4	1881	40
CC  	5	0	16	1	250	0	12	4	1881	41
CC  	5	0	18	1	250	0	12	4	1881	42
CC  	5	0	20	1	250	0	12	4	1881	43
CC  	5	0	22	1	250	0	12	4	1881	44
CC  	5	0	24	1	250	0	12	4	1881	45
CC  	5	0	26	1	250	0	12	4	1881	46
CC  	5	0	28	1	250	0	12	4	1881	47
CC  	5	0	30	1	250	0	12	4	1881	48
CC  	5	0	32	1	250	0	12	4	1881	49
CC  	5	0	34	1	250	0	12	4	1881	50
CC  	5	0	36	1	250	0	12	4	1881	51
CC  	6	0	1	1	260	0	12	4	1881	52
CC  	6	0	3	1	260	0	12	4	1881	53
CC  	6	0	5	1	260	0	12	4	1881	54
CC  	6	0	7	1	260	0	12	4	1881	55
#bank	sector#	sd1#	sd2#	ind#	tag#	stat#	roc#	slot#	type	channel#
CC  	6	0	9	1	260	0	12	4	1881	56
CC  	6	0	11	1	260	0	12	4	1881	57
CC  	6	0	13	1	260	0	12	4	1881	58
CC  	6	0	15	1	260	0	12	4	1881	59
CC  	6	0	17	1	260	0	12	4	1881	60
CC  	6	0	19	1	260	0	12	4	1881	61
CC  	6	0	21	1	260	0	12	4	1881	62
CC  	6	0	23	1	260	0	12	4	1881	63
CC  	6	0	25	1	260	0	12	3	1881	0
CC  	6	0	27	1	260	0	12	3	1881	1
CC  	6	0	29	1	260	0	12	3	1881	2
CC  	6	0	31	1	260	0	12	3	1881	3
CC  	6	0	33	1	260	0	12	3	1881	4
CC  	6	0	35	1	260	0	12	3	1881	5
CC  	6	0	2	1	260	0	12	3	1881	6
CC  	6	0	4	1	260	0	12	3	1881	7
CC  	6	0	6	1	260	0	12	3	1881	8
CC  	6	0	8	1	260	0	12	3	1881	9
CC  	6	0	10	1	260	0	12	3	1881	10
CC  	6	0	12	1	260	0	12	3	1881	11
#bank	sector#	sd1#	sd2#	ind#	tag#	stat#	roc#	slot#	type	channel#
CC  	6	0	14	1	260	0	12	3	1881	12
CC  	6	0	16	1	260	0	12	3	1881	13
CC  	6	0	18	1	260	0	12	3	1881	14
CC  	6	0	20	1	260	0	12	3	1881	15
CC  	6	0	22	1	260	0	12	3	1881	16
CC  	6	0	24	1	260	0	12	3	1881	17
CC  	6	0	26	1	260	0	12	3	1881	18
CC  	6	0	28	1	260	0	12	3	1881	19
CC  	6	0	30	1	260	0	12	3	1881	20
CC  	6	0	32	1	260	0	12	3	1881	21
CC  	6	0	34	1	260	0	12	3	1881	22
CC  	6	0	36	1	260	0	12	3	1881	23
TAGT	1	0	30	1	810	0	12	19	1872	29
TAGT	1	0	29	1	810	0	12	19	1872	28
TAGT	1	0	28	1	810	0	12	19	1872	27
TAGT	1	0	27	1	810	0	12	19	1872	26
TAGT	1	0	26	1	810	0	12	19	1872	25
TAGT	1	0	25	1	810	0	12	19	1872	24
TAGT	1	0	24	1	810	0	12	19	1872	23
TAGT	1	0	23	1	810	0	12	19	1872	22
#bank	sector#	sd1#	sd2#	ind#	tag#	stat#	roc#	slot#	type	channel#
TAGT	1	0	22	0	810	0	12	20	1872	21
TAGT	1	0	21	0	810	0	12	20	1872	20
TAGT	1	0	20	1	810	0	12	19	1872	19
TAGT	1	0	19	1	810	0	12	19	1872	18
TAGT	1	0	18	1	810	0	12	19	1872	17
TAGT	1	0	17	1	810	0	12	19	1872	16
TAGT	1	0	16	1	810	0	12	19	1872	15
TAGT	1	0	15	1	810	0	12	19	1872	14
TAGT	1	0	14	1	810	0	12	19	1872	13
TAGT	1	0	13	1	810	0	12	19	1872	12
TAGT	1	0	12	1	810	0	12	19	1872	11
TAGT	1	0	11	1	810	0	12	19	1872	10
TAGT	1	0	10	0	810	0	12	20	1872	9
TAGT	1	0	9	0	810	0	12	20	1872	8
TAGT	1	0	8	1	810	0	12	19	1872	7
TAGT	1	0	7	1	810	0	12	19	1872	6
TAGT	1	0	6	1	810	0	12	19	1872	5
TAGT	1	0	5	1	810	0	12	19	1872	4
TAGT	1	0	4	1	810	0	12	19	1872	3
TAGT	1	0	3	1	810	0	12	19	1872	2
#bank	sector#	sd1#	sd2#	ind#	tag#	stat#	roc#	slot#	type	channel#
TAGT	1	0	2	1	810	0	12	19	1872	1
TAGT	1	0	1	1	810	0	12	19	1872	0
TAGT	1	0	61	1	810	0	12	19	1872	60
TAGT	1	0	61	0	810	0	12	20	1872	60
TAGT	1	0	60	1	810	0	12	19	1872	59
TAGT	1	0	60	0	810	0	12	20	1872	59
TAGT	1	0	59	1	810	0	12	19	1872	58
TAGT	1	0	59	0	810	0	12	20	1872	58
TAGT	1	0	58	1	810	0	12	19	1872	57
TAGT	1	0	58	0	810	0	12	20	1872	57
TAGT	1	0	57	1	810	0	12	19	1872	56
TAGT	1	0	57	0	810	0	12	20	1872	56
TAGT	1	0	56	1	810	0	12	19	1872	55
TAGT	1	0	56	0	810	0	12	20	1872	55
TAGT	1	0	55	1	810	0	12	19	1872	54
TAGT	1	0	55	0	810	0	12	20	1872	54
TAGT	1	0	54	1	810	0	12	19	1872	53
TAGT	1	0	54	0	810	0	12	20	1872	53
TAGT	1	0	53	1	810	0	12	19	1872	52
TAGT	1	0	53	0	810	0	12	20	1872	52
#bank	sector#	sd1#	sd2#	ind#	tag#	stat#	roc#	slot#	type	channel#
TAGT	1	0	52	1	810	0	12	19	1872	51
TAGT	1	0	52	0	810	0	12	20	1872	51
TAGT	1	0	51	1	810	0	12	19	1872	50
TAGT	1	0	51	0	810	0	12	20	1872	50
TAGT	1	0	50	1	810	0	12	19	1872	49
TAGT	1	0	50	0	810	0	12	20	1872	49
TAGT	1	0	49	1	810	0	12	19	1872	48
TAGT	1	0	49	0	810	0	12	20	1872	48
TAGT	1	0	48	1	810	0	12	19	1872	47
TAGT	1	0	48	0	810	0	12	20	1872	47
TAGT	1	0	47	1	810	0	12	19	1872	46
TAGT	1	0	47	0	810	0	12	20	1872	46
TAGT	1	0	46	1	810	0	12	19	1872	45
TAGT	1	0	46	0	810	0	12	20	1872	45
TAGT	1	0	45	1	810	0	12	19	1872	44
TAGT	1	0	45	0	810	0	12	20	1872	44
TAGT	1	0	44	1	810	0	12	19	1872	43
TAGT	1	0	44	0	810	0	12	20	1872	43
TAGT	1	0	43	1	810	0	12	19	1872	42
TAGT	1	0	43	0	810	0	12	20	1872	42
#bank	sector#	sd1#	sd2#	ind#	tag#	stat#	roc#	slot#	type	channel#
TAGT	1	0	42	1	810	0	12	19	1872	41
TAGT	1	0	42	0	810	0	12	20	1872	41
TAGT	1	0	41	1	810	0	12	19	1872	40
TAGT	1	0	41	0	810	0	12	20	1872	40
TAGT	1	0	40	1	810	0	12	19	1872	39
TAGT	1	0	40	0	810	0	12	20	1872	39
TAGT	1	0	39	1	810	0	12	19	1872	38
TAGT	1	0	39	0	810	0	12	20	1872	38
TAGT	1	0	38	1	810	0	12	19	1872	37
TAGT	1	0	38	0	810	0	12	20	1872	37
TAGT	1	0	37	1	810	0	12	19	1872	36
TAGT	1	0	37	0	810	0	12	20	1872	36
TAGT	1	0	36	1	810	0	12	19	1872	35
TAGT	1	0	36	0	810	0	12	20	1872	35
TAGT	1	0	35	1	810	0	12	19	1872	34
TAGT	1	0	35	0	810	0	12	20	1872	34
TAGT	1	0	34	1	810	0	12	19	1872	33
TAGT	1	0	34	0	810	0	12	20	1872	33
TAGT	1	0	33	1	810	0	12	19	1872	32
TAGT	1	0	33	0	810	0	12	20	1872	32
TAGT	1	0	32	1	810	0	12	19	1872	31
TAGT	1	0	32	0	810	0	12	20	1872	31
#bank	sector#	sd1#	sd2#	ind#	tag#	stat#	roc#	slot#	type	channel#
TAGT	1	0	31	1	810	0	12	19	1872	30
TAGT	1	0	31	0	810	0	12	20	1872	30
TAGT	1	0	30	0	810	0	12	20	1872	29
TAGT	1	0	29	0	810	0	12	20	1872	28
TAGT	1	0	28	0	810	0	12	20	1872	27
TAGT	1	0	27	0	810	0	12	20	1872	26
TAGT	1	0	26	0	810	0	12	20	1872	25
TAGT	1	0	25	0	810	0	12	20	1872	24
TAGT	1	0	24	0	810	0	12	20	1872	23
TAGT	1	0	23	0	810	0	12	20	1872	22
TAGT	1	0	22	1	810	0	12	19	1872	21
TAGT	1	0	21	1	810	0	12	19	1872	20
TAGT	1	0	20	0	810	0	12	20	1872	19
TAGT	1	0	19	0	810	0	12	20	1872	18
TAGT	1	0	18	0	810	0	12	20	1872	17
TAGT	1	0	17	0	810	0	12	20	1872	16
TAGT	1	0	16	0	810	0	12	20	1872	15
TAGT	1	0	15	0	810	0	12	20	1872	14
TAGT	1	0	14	0	810	0	12	20	1872	13
TAGT	1	0	13	0	810	0	12	20	1872	12
#bank	sector#	sd1#	sd2#	ind#	tag#	stat#	roc#	slot#	type	channel#
TAGT	1	0	12	0	810	0	12	20	1872	11
TAGT	1	0	11	0	810	0	12	20	1872	10
TAGT	1	0	10	1	810	0	12	19	1872	9
TAGT	1	0	9	1	810	0	12	19	1872	8
TAGT	1	0	8	0	810	0	12	20	1872	7
TAGT	1	0	7	0	810	0	12	20	1872	6
TAGT	1	0	6	0	810	0	12	20	1872	5
TAGT	1	0	5	0	810	0	12	20	1872	4
TAGT	1	0	4	0	810	0	12	20	1872	3
TAGT	1	0	3	0	810	0	12	20	1872	2
TAGT	1	0	2	0	810	0	12	20	1872	1
TAGT	1	0	1	0	810	0	12	20	1872	0
########################################################################################
#    DSTC bank 
########################################################################################
#bank	sector#	sd1#	sd2#	ind#	tag#	stat#	roc#	slot#	type	channel#
#### ADC
#DSTC	0	0	1	1	880	0	12	2	1881	32
#DSTC	0	0	1	2	880	0	12	2	1881	33
#DSTC	0	0	1	3	880	0	12	2	1881	34
#DSTC	0	0	1	4	880	0	12	2	1881	35
#DSTC	0	0	1	5	880	0	12	2	1881	36
#DSTC	0	0	1	6	880	0	12	2	1881	51
#DSTC	0	0	1	7	880	0	12	2	1881	52
#DSTC	0	0	2	6	880	0	12	2	1881	53
#### TDC
DSTC	0	0	1	0	880	0	12	15	1872	22
DSTC	0	0	2	0	880	0	12	15	1872	21
########################################################################################
#    PRIM bank 
########################################################################################
#bank	sector#	sd1#	sd2#	ind#	tag#	stat#	roc#	slot#	type	channel#
#### ADC
#PRIM	0	0	1	0	880	0	12	 2	1881	0
#PRIM	0	0	2	0	880	0	12	 2	1881	1
#PRIM	0	0	3	0	880	0	12	 2	1881	2
#PRIM	0	0	4	0	880	0	12	 2	1881	3
#PRIM	0	0	5	0	880	0	12	 2	1881	4
#PRIM	0	0	6	0	880	0	12	 2	1881	5
#PRIM	0	0	7	0	880	0	12	 2	1881	6
#PRIM	0	0	8	0	880	0	12	 2	1881	7
#PRIM	0	0	9	0	880	0	12	 2	1881	8
#PRIM	0	0	10	0	880	0	12	 2	1881	9
#PRIM	0	0	11	0	880	0	12	 2	1881	10
#PRIM	0	0	12	0	880	0	12	 2	1881	11
#PRIM	0	0	13	0	880	0	12	 2	1881	12
#PRIM	0	0	14	0	880	0	12	 2	1881	13
#PRIM	0	0	15	0	880	0	12	 2	1881	14
#PRIM	0	0	16	0	880	0	12	 2	1881	15
#PRIM	0	0	17	0	880	0	12	 2	1881	16
#PRIM	0	0	18	0	880	0	12	 2	1881	17
#PRIM	0	0	19	0	880	0	12	 2	1881	18
#PRIM	0	0	20	0	880	0	12	 2	1881	19
#PRIM	0	0	21	0	880	0	12	 2	1881	20
#PRIM	0	0	22	0	880	0	12	 2	1881	21
#PRIM	0	0	23	0	880	0	12	 2	1881	22
#PRIM	0	0	24	0	880	0	12	 2	1881	23
#PRIM	0	0	25	0	880	0	12	 2	1881	24
#PRIM	0	0	26	0	880	0	12	 2	1881	25
#PRIM	0	0	27	0	880	0	12	 2	1881	26
#PRIM	0	0	28	0	880	0	12	 2	1881	27
#PRIM	0	0	29	0	880	0	12	 2	1881	28
#PRIM	0	0	30	0	880	0	12	 2	1881	29
#PRIM	0	0	31	0	880	0	12	 2	1881	30
#PRIM	0	0	32	0	880	0	12	 2	1881	31
#--------------



