######## Translation table for ROC # 17
######## Tue Feb  3 20:05:17 EST 1998
######## By uid=1990(serov) gid=146(clas)
######## Version # 1
#bank	sector#	sd1#	sd2#	ind#	tag#	stat#	roc#	slot#	type	channel#
TAGE	1	0	1	0	710	0	17	6	1877	0
TAGE	1	0	2	0	710	0	17	6	1877	1
TAGE	1	0	3	0	710	0	17	6	1877	2
TAGE	1	0	4	0	710	0	17	6	1877	3
TAGE	1	0	5	0	710	0	17	6	1877	4
TAGE	1	0	6	0	710	0	17	6	1877	5
TAGE	1	0	7	0	710	0	17	6	1877	6
TAGE	1	0	8	0	710	0	17	6	1877	7
TAGE	1	0	9	0	710	0	17	6	1877	8
TAGE	1	0	10	0	710	0	17	6	1877	9
TAGE	1	0	11	0	710	0	17	6	1877	10
TAGE	1	0	12	0	710	0	17	6	1877	11
TAGE	1	0	13	0	710	0	17	6	1877	12
TAGE	1	0	14	0	710	0	17	6	1877	13
TAGE	1	0	15	0	710	0	17	6	1877	14
TAGE	1	0	16	0	710	0	17	6	1877	15
#bank	sector#	sd1#	sd2#	ind#	tag#	stat#	roc#	slot#	type	channel#
TAGE	1	0	17	0	710	0	17	6	1877	16
TAGE	1	0	18	0	710	0	17	6	1877	17
TAGE	1	0	19	0	710	0	17	6	1877	18
TAGE	1	0	20	0	710	0	17	6	1877	19
TAGE	1	0	21	0	710	0	17	6	1877	20
TAGE	1	0	22	0	710	0	17	6	1877	21
TAGE	1	0	23	0	710	0	17	6	1877	22
TAGE	1	0	24	0	710	0	17	6	1877	23
TAGE	1	0	25	0	710	0	17	6	1877	24
TAGE	1	0	26	0	710	0	17	6	1877	25
TAGE	1	0	27	0	710	0	17	6	1877	26
TAGE	1	0	28	0	710	0	17	6	1877	27
TAGE	1	0	29	0	710	0	17	6	1877	28
TAGE	1	0	30	0	710	0	17	6	1877	29
TAGE	1	0	31	0	710	0	17	6	1877	30
TAGE	1	0	32	0	710	0	17	6	1877	31
#bank	sector#	sd1#	sd2#	ind#	tag#	stat#	roc#	slot#	type	channel#
TAGE	1	0	33	0	710	0	17	6	1877	32
TAGE	1	0	34	0	710	0	17	6	1877	33
TAGE	1	0	35	0	710	0	17	6	1877	34
TAGE	1	0	36	0	710	0	17	6	1877	35
TAGE	1	0	37	0	710	0	17	6	1877	36
TAGE	1	0	38	0	710	0	17	6	1877	37
TAGE	1	0	39	0	710	0	17	6	1877	38
TAGE	1	0	40	0	710	0	17	6	1877	39
TAGE	1	0	41	0	710	0	17	6	1877	40
TAGE	1	0	42	0	710	0	17	6	1877	41
TAGE	1	0	43	0	710	0	17	6	1877	42
TAGE	1	0	44	0	710	0	17	6	1877	43
TAGE	1	0	45	0	710	0	17	6	1877	44
TAGE	1	0	46	0	710	0	17	6	1877	45
TAGE	1	0	47	0	710	0	17	6	1877	46
TAGE	1	0	48	0	710	0	17	6	1877	47
#bank	sector#	sd1#	sd2#	ind#	tag#	stat#	roc#	slot#	type	channel#
TAGE	1	0	97	0	710	0	17	7	1877	0
TAGE	1	0	98	0	710	0	17	7	1877	1
TAGE	1	0	99	0	710	0	17	7	1877	2
TAGE	1	0	100	0	710	0	17	7	1877	3
TAGE	1	0	101	0	710	0	17	7	1877	4
TAGE	1	0	102	0	710	0	17	7	1877	5
TAGE	1	0	103	0	710	0	17	7	1877	6
TAGE	1	0	104	0	710	0	17	7	1877	7
TAGE	1	0	105	0	710	0	17	7	1877	8
TAGE	1	0	106	0	710	0	17	7	1877	9
TAGE	1	0	107	0	710	0	17	7	1877	10
TAGE	1	0	108	0	710	0	17	7	1877	11
TAGE	1	0	109	0	710	0	17	7	1877	12
TAGE	1	0	110	0	710	0	17	7	1877	13
TAGE	1	0	111	0	710	0	17	7	1877	14
TAGE	1	0	112	0	710	0	17	7	1877	15
#bank	sector#	sd1#	sd2#	ind#	tag#	stat#	roc#	slot#	type	channel#
TAGE	1	0	113	0	710	0	17	7	1877	16
TAGE	1	0	114	0	710	0	17	7	1877	17
TAGE	1	0	115	0	710	0	17	7	1877	18
TAGE	1	0	116	0	710	0	17	7	1877	19
TAGE	1	0	117	0	710	0	17	7	1877	20
TAGE	1	0	118	0	710	0	17	7	1877	21
TAGE	1	0	119	0	710	0	17	7	1877	22
TAGE	1	0	120	0	710	0	17	7	1877	23
TAGE	1	0	121	0	710	0	17	7	1877	24
TAGE	1	0	122	0	710	0	17	7	1877	25
TAGE	1	0	123	0	710	0	17	7	1877	26
TAGE	1	0	124	0	710	0	17	7	1877	27
TAGE	1	0	125	0	710	0	17	7	1877	28
TAGE	1	0	126	0	710	0	17	7	1877	29
TAGE	1	0	127	0	710	0	17	7	1877	30
TAGE	1	0	128	0	710	0	17	7	1877	31
#bank	sector#	sd1#	sd2#	ind#	tag#	stat#	roc#	slot#	type	channel#
TAGE	1	0	129	0	710	0	17	7	1877	32
TAGE	1	0	130	0	710	0	17	7	1877	33
TAGE	1	0	131	0	710	0	17	7	1877	34
TAGE	1	0	132	0	710	0	17	7	1877	35
TAGE	1	0	133	0	710	0	17	7	1877	36
TAGE	1	0	134	0	710	0	17	7	1877	37
TAGE	1	0	135	0	710	0	17	7	1877	38
TAGE	1	0	136	0	710	0	17	7	1877	39
TAGE	1	0	137	0	710	0	17	7	1877	40
TAGE	1	0	138	0	710	0	17	7	1877	41
TAGE	1	0	139	0	710	0	17	7	1877	42
TAGE	1	0	140	0	710	0	17	7	1877	43
TAGE	1	0	141	0	710	0	17	7	1877	44
TAGE	1	0	142	0	710	0	17	7	1877	45
TAGE	1	0	143	0	710	0	17	7	1877	46
TAGE	1	0	144	0	710	0	17	7	1877	47
#bank	sector#	sd1#	sd2#	ind#	tag#	stat#	roc#	slot#	type	channel#
TAGE	1	0	193	0	710	0	17	8	1877	0
TAGE	1	0	194	0	710	0	17	8	1877	1
TAGE	1	0	195	0	710	0	17	8	1877	2
TAGE	1	0	196	0	710	0	17	8	1877	3
TAGE	1	0	197	0	710	0	17	8	1877	4
TAGE	1	0	198	0	710	0	17	8	1877	5
TAGE	1	0	199	0	710	0	17	8	1877	6
TAGE	1	0	200	0	710	0	17	8	1877	7
TAGE	1	0	201	0	710	0	17	8	1877	8
TAGE	1	0	202	0	710	0	17	8	1877	9
TAGE	1	0	203	0	710	0	17	8	1877	10
TAGE	1	0	204	0	710	0	17	8	1877	11
TAGE	1	0	205	0	710	0	17	8	1877	12
TAGE	1	0	206	0	710	0	17	8	1877	13
TAGE	1	0	207	0	710	0	17	8	1877	14
TAGE	1	0	208	0	710	0	17	8	1877	15
#bank	sector#	sd1#	sd2#	ind#	tag#	stat#	roc#	slot#	type	channel#
TAGE	1	0	209	0	710	0	17	8	1877	16
TAGE	1	0	210	0	710	0	17	8	1877	17
TAGE	1	0	211	0	710	0	17	8	1877	18
TAGE	1	0	212	0	710	0	17	8	1877	19
TAGE	1	0	213	0	710	0	17	8	1877	20
TAGE	1	0	214	0	710	0	17	8	1877	21
TAGE	1	0	215	0	710	0	17	8	1877	22
TAGE	1	0	216	0	710	0	17	8	1877	23
TAGE	1	0	217	0	710	0	17	8	1877	24
TAGE	1	0	218	0	710	0	17	8	1877	25
TAGE	1	0	219	0	710	0	17	8	1877	26
TAGE	1	0	220	0	710	0	17	8	1877	27
TAGE	1	0	221	0	710	0	17	8	1877	28
TAGE	1	0	222	0	710	0	17	8	1877	29
TAGE	1	0	223	0	710	0	17	8	1877	30
TAGE	1	0	224	0	710	0	17	8	1877	31
#bank	sector#	sd1#	sd2#	ind#	tag#	stat#	roc#	slot#	type	channel#
TAGE	1	0	225	0	710	0	17	8	1877	32
TAGE	1	0	226	0	710	0	17	8	1877	33
TAGE	1	0	227	0	710	0	17	8	1877	34
TAGE	1	0	228	0	710	0	17	8	1877	35
TAGE	1	0	229	0	710	0	17	8	1877	36
TAGE	1	0	230	0	710	0	17	8	1877	37
TAGE	1	0	231	0	710	0	17	8	1877	38
TAGE	1	0	232	0	710	0	17	8	1877	39
TAGE	1	0	233	0	710	0	17	8	1877	40
TAGE	1	0	234	0	710	0	17	8	1877	41
TAGE	1	0	235	0	710	0	17	8	1877	42
TAGE	1	0	236	0	710	0	17	8	1877	43
TAGE	1	0	237	0	710	0	17	8	1877	44
TAGE	1	0	238	0	710	0	17	8	1877	45
TAGE	1	0	239	0	710	0	17	8	1877	46
TAGE	1	0	240	0	710	0	17	8	1877	47
#bank	sector#	sd1#	sd2#	ind#	tag#	stat#	roc#	slot#	type	channel#
TAGE	1	1	33	0	710	0	17	9	1877	0
TAGE	1	1	34	0	710	0	17	9	1877	1
TAGE	1	1	35	0	710	0	17	9	1877	2
TAGE	1	1	36	0	710	0	17	9	1877	3
TAGE	1	1	37	0	710	0	17	9	1877	4
TAGE	1	1	38	0	710	0	17	9	1877	5
TAGE	1	1	39	0	710	0	17	9	1877	6
TAGE	1	1	40	0	710	0	17	9	1877	7
TAGE	1	1	41	0	710	0	17	9	1877	8
TAGE	1	1	42	0	710	0	17	9	1877	9
TAGE	1	1	43	0	710	0	17	9	1877	10
TAGE	1	1	44	0	710	0	17	9	1877	11
TAGE	1	1	45	0	710	0	17	9	1877	12
TAGE	1	1	46	0	710	0	17	9	1877	13
TAGE	1	1	47	0	710	0	17	9	1877	14
TAGE	1	1	48	0	710	0	17	9	1877	15
#bank	sector#	sd1#	sd2#	ind#	tag#	stat#	roc#	slot#	type	channel#
TAGE	1	1	49	0	710	0	17	9	1877	16
TAGE	1	1	50	0	710	0	17	9	1877	17
TAGE	1	1	51	0	710	0	17	9	1877	18
TAGE	1	1	52	0	710	0	17	9	1877	19
TAGE	1	1	53	0	710	0	17	9	1877	20
TAGE	1	1	54	0	710	0	17	9	1877	21
TAGE	1	1	55	0	710	0	17	9	1877	22
TAGE	1	1	56	0	710	0	17	9	1877	23
TAGE	1	1	57	0	710	0	17	9	1877	24
TAGE	1	1	58	0	710	0	17	9	1877	25
TAGE	1	1	59	0	710	0	17	9	1877	26
TAGE	1	1	60	0	710	0	17	9	1877	27
TAGE	1	1	61	0	710	0	17	9	1877	28
TAGE	1	1	62	0	710	0	17	9	1877	29
TAGE	1	1	63	0	710	0	17	9	1877	30
TAGE	1	1	64	0	710	0	17	9	1877	31
########################################################
#bank	sector#	sd1#	sd2#	ind#	tag#	stat#	roc#	slot#	type	channel#
TAGE	1	2	17	0	710	0	17	11	1877	0
TAGE	1	2	18	0	710	0	17	11	1877	1
TAGE	1	2	19	0	710	0	17	11	1877	2
TAGE	1	2	20	0	710	0	17	11	1877	3
TAGE	1	2	21	0	710	0	17	11	1877	4
TAGE	1	2	22	0	710	0	17	11	1877	5
TAGE	1	2	23	0	710	0	17	11	1877	6
TAGE	1	2	24	0	710	0	17	11	1877	7
TAGE	1	2	25	0	710	0	17	11	1877	8
TAGE	1	2	26	0	710	0	17	11	1877	9
TAGE	1	2	27	0	710	0	17	11	1877	10
TAGE	1	2	28	0	710	0	17	11	1877	11
TAGE	1	2	29	0	710	0	17	11	1877	12
TAGE	1	2	30	0	710	0	17	11	1877	13
TAGE	1	2	31	0	710	0	17	11	1877	14
TAGE	1	2	32	0	710	0	17	11	1877	15
#bank	sector#	sd1#	sd2#	ind#	tag#	stat#	roc#	slot#	type	channel#
TAGE	1	2	49	0	710	0	17	11	1877	32
TAGE	1	2	50	0	710	0	17	11	1877	33
TAGE	1	2	51	0	710	0	17	11	1877	34
TAGE	1	2	52	0	710	0	17	11	1877	35
TAGE	1	2	53	0	710	0	17	11	1877	36
TAGE	1	2	54	0	710	0	17	11	1877	37
TAGE	1	2	55	0	710	0	17	11	1877	38
TAGE	1	2	56	0	710	0	17	11	1877	39
TAGE	1	2	57	0	710	0	17	11	1877	40
TAGE	1	2	58	0	710	0	17	11	1877	41
TAGE	1	2	59	0	710	0	17	11	1877	42
TAGE	1	2	60	0	710	0	17	11	1877	43
TAGE	1	2	61	0	710	0	17	11	1877	44
#########  ST trigger
TAGE	1	2	71	0	710	0	17	11	1877	45
TAGE	1	2	72	0	710	0	17	11	1877	46
TAGE	1	2	73	0	710	0	17	11	1877	47
################
######### PS ###
################
### pf1-pf16
TAGE	1	4	1	0	710	0	17	11	1877	16
TAGE	1	4	2	0	710	0	17	11	1877	17
TAGE	1	4	3	0	710	0	17	11	1877	18
TAGE	1	4	4	0	710	0	17	11	1877	19
TAGE	1	4	5	0	710	0	17	11	1877	20
TAGE	1	4	6	0	710	0	17	11	1877	21
TAGE	1	4	7	0	710	0	17	11	1877	22
TAGE	1	4	8	0	710	0	17	11	1877	23
TAGE	1	4	9	0	710	0	17	11	1877	24
TAGE	1	4	10	0	710	0	17	11	1877	25
TAGE	1	4	11	0	710	0	17	11	1877	26
TAGE	1	4	12	0	710	0	17	11	1877	27
TAGE	1	4	13	0	710	0	17	11	1877	28
TAGE	1	4	14	0	710	0	17	11	1877	29
TAGE	1	4	15	0	710	0	17	11	1877	30
TAGE	1	4	16	0	710	0	17	11	1877	31
### will be used by PS in future
TAGE	1	4	106	0	710	0	17	11	1877	48
TAGE	1	4	102	0	710	0	17	11	1877	49
TAGE	1	4	103	0	710	0	17	11	1877	50
TAGE	1	4	104	0	710	0	17	11	1877	51
TAGE	1	4	105	0	710	0	17	11	1877	52
TAGE	1	4	101	0	710	0	17	11	1877	53
TAGE	1	4	107	0	710	0	17	11	1877	54
TAGE	1	4	108	0	710	0	17	11	1877	55
TAGE	1	4	109	0	710	0	17	11	1877	56
TAGE	1	4	110	0	710	0	17	11	1877	57
TAGE	1	4	111	0	710	0	17	11	1877	58
TAGE	1	4	112	0	710	0	17	11	1877	59
TAGE	1	4	113	0	710	0	17	11	1877	60
TAGE	1	4	114	0	710	0	17	11	1877	61
TAGE	1	4	115	0	710	0	17	11	1877	62
TAGE	1	4	116	0	710	0	17	11	1877	63
### pf17-pf32
TAGE	1	4	17	0	710	0	17	11	1877	64
TAGE	1	4	18	0	710	0	17	11	1877	65
TAGE	1	4	19	0	710	0	17	11	1877	66
TAGE	1	4	20	0	710	0	17	11	1877	67
TAGE	1	4	21	0	710	0	17	11	1877	68
TAGE	1	4	22	0	710	0	17	11	1877	69
TAGE	1	4	23	0	710	0	17	11	1877	70
TAGE	1	4	24	0	710	0	17	11	1877	71
TAGE	1	4	25	0	710	0	17	11	1877	72
TAGE	1	4	26	0	710	0	17	11	1877	73
TAGE	1	4	27	0	710	0	17	11	1877	74
TAGE	1	4	28	0	710	0	17	11	1877	75
TAGE	1	4	29	0	710	0	17	11	1877	76
TAGE	1	4	30	0	710	0	17	11	1877	77
TAGE	1	4	31	0	710	0	17	11	1877	78
TAGE	1	4	32	0	710	0	17	11	1877	79
### pb13-pb28
TAGE	1	4	33	0	710	0	17	11	1877	80
TAGE	1	4	34	0	710	0	17	11	1877	81
TAGE	1	4	35	0	710	0	17	11	1877	82
TAGE	1	4	36	0	710	0	17	11	1877	83
TAGE	1	4	37	0	710	0	17	11	1877	84
TAGE	1	4	38	0	710	0	17	11	1877	85
TAGE	1	4	39	0	710	0	17	11	1877	86
TAGE	1	4	40	0	710	0	17	11	1877	87
TAGE	1	4	41	0	710	0	17	11	1877	88
TAGE	1	4	42	0	710	0	17	11	1877	89
TAGE	1	4	43	0	710	0	17	11	1877	90
TAGE	1	4	44	0	710	0	17	11	1877	91
TAGE	1	4	45	0	710	0	17	11	1877	92
TAGE	1	4	46	0	710	0	17	11	1877	93
TAGE	1	4	47	0	710	0	17	11	1877	94
TAGE	1	4	48	0	710	0	17	11	1877	95
##########
##########
##########
##########
##########
##########
##########
##########
##########
##########
##########
#bank	sector#	sd1#	sd2#	ind#	tag#	stat#	roc#	slot#	type	channel#
TAGE	1	0	49	0	710	0	17	12	1877	48
TAGE	1	0	50	0	710	0	17	12	1877	49
TAGE	1	0	51	0	710	0	17	12	1877	50
TAGE	1	0	52	0	710	0	17	12	1877	51
TAGE	1	0	53	0	710	0	17	12	1877	52
TAGE	1	0	54	0	710	0	17	12	1877	53
TAGE	1	0	55	0	710	0	17	12	1877	54
TAGE	1	0	56	0	710	0	17	12	1877	55
TAGE	1	0	57	0	710	0	17	12	1877	56
TAGE	1	0	58	0	710	0	17	12	1877	57
TAGE	1	0	59	0	710	0	17	12	1877	58
TAGE	1	0	60	0	710	0	17	12	1877	59
TAGE	1	0	61	0	710	0	17	12	1877	60
TAGE	1	0	62	0	710	0	17	12	1877	61
TAGE	1	0	63	0	710	0	17	12	1877	62
TAGE	1	0	64	0	710	0	17	12	1877	63
#bank	sector#	sd1#	sd2#	ind#	tag#	stat#	roc#	slot#	type	channel#
TAGE	1	0	65	0	710	0	17	12	1877	64
TAGE	1	0	66	0	710	0	17	12	1877	65
TAGE	1	0	67	0	710	0	17	12	1877	66
TAGE	1	0	68	0	710	0	17	12	1877	67
TAGE	1	0	69	0	710	0	17	12	1877	68
TAGE	1	0	70	0	710	0	17	12	1877	69
TAGE	1	0	71	0	710	0	17	12	1877	70
TAGE	1	0	72	0	710	0	17	12	1877	71
TAGE	1	0	73	0	710	0	17	12	1877	72
TAGE	1	0	74	0	710	0	17	12	1877	73
TAGE	1	0	75	0	710	0	17	12	1877	74
TAGE	1	0	76	0	710	0	17	12	1877	75
TAGE	1	0	77	0	710	0	17	12	1877	76
TAGE	1	0	78	0	710	0	17	12	1877	77
TAGE	1	0	79	0	710	0	17	12	1877	78
TAGE	1	0	80	0	710	0	17	12	1877	79
#bank	sector#	sd1#	sd2#	ind#	tag#	stat#	roc#	slot#	type	channel#
TAGE	1	0	81	0	710	0	17	12	1877	80
TAGE	1	0	82	0	710	0	17	12	1877	81
TAGE	1	0	83	0	710	0	17	12	1877	82
TAGE	1	0	84	0	710	0	17	12	1877	83
TAGE	1	0	85	0	710	0	17	12	1877	84
TAGE	1	0	86	0	710	0	17	12	1877	85
TAGE	1	0	87	0	710	0	17	12	1877	86
TAGE	1	0	88	0	710	0	17	12	1877	87
TAGE	1	0	89	0	710	0	17	12	1877	88
TAGE	1	0	90	0	710	0	17	12	1877	89
TAGE	1	0	91	0	710	0	17	12	1877	90
TAGE	1	0	92	0	710	0	17	12	1877	91
TAGE	1	0	93	0	710	0	17	12	1877	92
TAGE	1	0	94	0	710	0	17	12	1877	93
TAGE	1	0	95	0	710	0	17	12	1877	94
TAGE	1	0	96	0	710	0	17	12	1877	95
#bank	sector#	sd1#	sd2#	ind#	tag#	stat#	roc#	slot#	type	channel#
TAGE	1	0	145	0	710	0	17	13	1877	48
TAGE	1	0	146	0	710	0	17	13	1877	49
TAGE	1	0	147	0	710	0	17	13	1877	50
TAGE	1	0	148	0	710	0	17	13	1877	51
TAGE	1	0	149	0	710	0	17	13	1877	52
TAGE	1	0	150	0	710	0	17	13	1877	53
TAGE	1	0	151	0	710	0	17	13	1877	54
TAGE	1	0	152	0	710	0	17	13	1877	55
TAGE	1	0	153	0	710	0	17	13	1877	56
TAGE	1	0	154	0	710	0	17	13	1877	57
TAGE	1	0	155	0	710	0	17	13	1877	58
TAGE	1	0	156	0	710	0	17	13	1877	59
TAGE	1	0	157	0	710	0	17	13	1877	60
TAGE	1	0	158	0	710	0	17	13	1877	61
TAGE	1	0	159	0	710	0	17	13	1877	62
TAGE	1	0	160	0	710	0	17	13	1877	63
#bank	sector#	sd1#	sd2#	ind#	tag#	stat#	roc#	slot#	type	channel#
TAGE	1	0	161	0	710	0	17	13	1877	64
TAGE	1	0	162	0	710	0	17	13	1877	65
TAGE	1	0	163	0	710	0	17	13	1877	66
TAGE	1	0	164	0	710	0	17	13	1877	67
TAGE	1	0	165	0	710	0	17	13	1877	68
TAGE	1	0	166	0	710	0	17	13	1877	69
TAGE	1	0	167	0	710	0	17	13	1877	70
TAGE	1	0	168	0	710	0	17	13	1877	71
TAGE	1	0	169	0	710	0	17	13	1877	72
TAGE	1	0	170	0	710	0	17	13	1877	73
TAGE	1	0	171	0	710	0	17	13	1877	74
TAGE	1	0	172	0	710	0	17	13	1877	75
TAGE	1	0	173	0	710	0	17	13	1877	76
TAGE	1	0	174	0	710	0	17	13	1877	77
TAGE	1	0	175	0	710	0	17	13	1877	78
TAGE	1	0	176	0	710	0	17	13	1877	79
#bank	sector#	sd1#	sd2#	ind#	tag#	stat#	roc#	slot#	type	channel#
TAGE	1	0	177	0	710	0	17	13	1877	80
TAGE	1	0	178	0	710	0	17	13	1877	81
TAGE	1	0	179	0	710	0	17	13	1877	82
TAGE	1	0	180	0	710	0	17	13	1877	83
TAGE	1	0	181	0	710	0	17	13	1877	84
TAGE	1	0	182	0	710	0	17	13	1877	85
TAGE	1	0	183	0	710	0	17	13	1877	86
TAGE	1	0	184	0	710	0	17	13	1877	87
TAGE	1	0	185	0	710	0	17	13	1877	88
TAGE	1	0	186	0	710	0	17	13	1877	89
TAGE	1	0	187	0	710	0	17	13	1877	90
TAGE	1	0	188	0	710	0	17	13	1877	91
TAGE	1	0	189	0	710	0	17	13	1877	92
TAGE	1	0	190	0	710	0	17	13	1877	93
TAGE	1	0	191	0	710	0	17	13	1877	94
TAGE	1	0	192	0	710	0	17	13	1877	95
#bank	sector#	sd1#	sd2#	ind#	tag#	stat#	roc#	slot#	type	channel#
TAGE	1	0	241	0	710	0	17	14	1877	48
TAGE	1	0	242	0	710	0	17	14	1877	49
TAGE	1	0	243	0	710	0	17	14	1877	50
TAGE	1	0	244	0	710	0	17	14	1877	51
TAGE	1	0	245	0	710	0	17	14	1877	52
TAGE	1	0	246	0	710	0	17	14	1877	53
TAGE	1	0	247	0	710	0	17	14	1877	54
TAGE	1	0	248	0	710	0	17	14	1877	55
TAGE	1	0	249	0	710	0	17	14	1877	56
TAGE	1	0	250	0	710	0	17	14	1877	57
TAGE	1	0	251	0	710	0	17	14	1877	58
TAGE	1	0	252	0	710	0	17	14	1877	59
TAGE	1	0	253	0	710	0	17	14	1877	60
TAGE	1	0	254	0	710	0	17	14	1877	61
TAGE	1	0	255	0	710	0	17	14	1877	62
TAGE	1	1	0	0	710	0	17	14	1877	63
#bank	sector#	sd1#	sd2#	ind#	tag#	stat#	roc#	slot#	type	channel#
TAGE	1	1	1	0	710	0	17	14	1877	64
TAGE	1	1	2	0	710	0	17	14	1877	65
TAGE	1	1	3	0	710	0	17	14	1877	66
TAGE	1	1	4	0	710	0	17	14	1877	67
TAGE	1	1	5	0	710	0	17	14	1877	68
TAGE	1	1	6	0	710	0	17	14	1877	69
TAGE	1	1	7	0	710	0	17	14	1877	70
TAGE	1	1	8	0	710	0	17	14	1877	71
TAGE	1	1	9	0	710	0	17	14	1877	72
TAGE	1	1	10	0	710	0	17	14	1877	73
TAGE	1	1	11	0	710	0	17	14	1877	74
TAGE	1	1	12	0	710	0	17	14	1877	75
TAGE	1	1	13	0	710	0	17	14	1877	76
TAGE	1	1	14	0	710	0	17	14	1877	77
TAGE	1	1	15	0	710	0	17	14	1877	78
TAGE	1	1	16	0	710	0	17	14	1877	79
#bank	sector#	sd1#	sd2#	ind#	tag#	stat#	roc#	slot#	type	channel#
TAGE	1	1	17	0	710	0	17	14	1877	80
TAGE	1	1	18	0	710	0	17	14	1877	81
TAGE	1	1	19	0	710	0	17	14	1877	82
TAGE	1	1	20	0	710	0	17	14	1877	83
TAGE	1	1	21	0	710	0	17	14	1877	84
TAGE	1	1	22	0	710	0	17	14	1877	85
TAGE	1	1	23	0	710	0	17	14	1877	86
TAGE	1	1	24	0	710	0	17	14	1877	87
TAGE	1	1	25	0	710	0	17	14	1877	88
TAGE	1	1	26	0	710	0	17	14	1877	89
TAGE	1	1	27	0	710	0	17	14	1877	90
TAGE	1	1	28	0	710	0	17	14	1877	91
TAGE	1	1	29	0	710	0	17	14	1877	92
TAGE	1	1	30	0	710	0	17	14	1877	93
TAGE	1	1	31	0	710	0	17	14	1877	94
TAGE	1	1	32	0	710	0	17	14	1877	95
#############################
# fake the rest of slot 13
#############################
TAGE	1	13	1	0	710	0	17	14	1877	0
TAGE	1	13	2	0	710	0	17	14	1877	1
TAGE	1	13	3	0	710	0	17	14	1877	2
TAGE	1	13	4	0	710	0	17	14	1877	3
TAGE	1	13	5	0	710	0	17	14	1877	4
TAGE	1	13	6	0	710	0	17	14	1877	5
TAGE	1	13	7	0	710	0	17	14	1877	6
TAGE	1	13	8	0	710	0	17	14	1877	7
TAGE	1	13	9	0	710	0	17	14	1877	8
TAGE	1	13	10	0	710	0	17	14	1877	9
TAGE	1	13	11	0	710	0	17	14	1877	10
TAGE	1	13	12	0	710	0	17	14	1877	11
TAGE	1	13	13	0	710	0	17	14	1877	12
TAGE	1	13	14	0	710	0	17	14	1877	13
TAGE	1	13	15	0	710	0	17	14	1877	14
TAGE	1	13	16	0	710	0	17	14	1877	15
#
TAGE	1	13	17	0	710	0	17	14	1877	16
TAGE	1	13	18	0	710	0	17	14	1877	17
TAGE	1	13	19	0	710	0	17	14	1877	18
TAGE	1	13	20	0	710	0	17	14	1877	19
TAGE	1	13	21	0	710	0	17	14	1877	20
TAGE	1	13	22	0	710	0	17	14	1877	21
TAGE	1	13	23	0	710	0	17	14	1877	22
TAGE	1	13	24	0	710	0	17	14	1877	23
TAGE	1	13	25	0	710	0	17	14	1877	24
TAGE	1	13	26	0	710	0	17	14	1877	25
TAGE	1	13	27	0	710	0	17	14	1877	26
TAGE	1	13	28	0	710	0	17	14	1877	27
TAGE	1	13	29	0	710	0	17	14	1877	28
TAGE	1	13	30	0	710	0	17	14	1877	29
TAGE	1	13	31	0	710	0	17	14	1877	30
TAGE	1	13	32	0	710	0	17	14	1877	31
#
TAGE	1	13	33	0	710	0	17	14	1877	32
TAGE	1	13	34	0	710	0	17	14	1877	33
TAGE	1	13	35	0	710	0	17	14	1877	34
TAGE	1	13	36	0	710	0	17	14	1877	35
TAGE	1	13	37	0	710	0	17	14	1877	36
TAGE	1	13	38	0	710	0	17	14	1877	37
TAGE	1	13	39	0	710	0	17	14	1877	38
TAGE	1	13	40	0	710	0	17	14	1877	39
TAGE	1	13	41	0	710	0	17	14	1877	40
TAGE	1	13	42	0	710	0	17	14	1877	41
TAGE	1	13	43	0	710	0	17	14	1877	42
TAGE	1	13	44	0	710	0	17	14	1877	43
TAGE	1	13	45	0	710	0	17	14	1877	44
TAGE	1	13	46	0	710	0	17	14	1877	45
TAGE	1	13	47	0	710	0	17	14	1877	46
TAGE	1	13	48	0	710	0	17	14	1877	47
#bank	sector#	sd1#	sd2#	ind#	tag#	stat#	roc#	slot#	type	channel#
TAGE	1	1	81	0	710	0	17	15	1877	48
TAGE	1	1	82	0	710	0	17	15	1877	49
TAGE	1	1	83	0	710	0	17	15	1877	50
TAGE	1	1	84	0	710	0	17	15	1877	51
TAGE	1	1	85	0	710	0	17	15	1877	52
TAGE	1	1	86	0	710	0	17	15	1877	53
TAGE	1	1	87	0	710	0	17	15	1877	54
TAGE	1	1	88	0	710	0	17	15	1877	55
TAGE	1	1	89	0	710	0	17	15	1877	56
TAGE	1	1	90	0	710	0	17	15	1877	57
TAGE	1	1	91	0	710	0	17	15	1877	58
TAGE	1	1	92	0	710	0	17	15	1877	59
TAGE	1	1	93	0	710	0	17	15	1877	60
TAGE	1	1	94	0	710	0	17	15	1877	61
TAGE	1	1	95	0	710	0	17	15	1877	62
TAGE	1	1	96	0	710	0	17	15	1877	63
#bank	sector#	sd1#	sd2#	ind#	tag#	stat#	roc#	slot#	type	channel#
TAGE	1	1	97	0	710	0	17	15	1877	64
TAGE	1	1	98	0	710	0	17	15	1877	65
TAGE	1	1	99	0	710	0	17	15	1877	66
TAGE	1	1	100	0	710	0	17	15	1877	67
TAGE	1	1	101	0	710	0	17	15	1877	68
TAGE	1	1	102	0	710	0	17	15	1877	69
TAGE	1	1	103	0	710	0	17	15	1877	70
TAGE	1	1	104	0	710	0	17	15	1877	71
TAGE	1	1	105	0	710	0	17	15	1877	72
TAGE	1	1	106	0	710	0	17	15	1877	73
TAGE	1	1	107	0	710	0	17	15	1877	74
TAGE	1	1	108	0	710	0	17	15	1877	75
TAGE	1	1	109	0	710	0	17	15	1877	76
TAGE	1	1	110	0	710	0	17	15	1877	77
TAGE	1	1	111	0	710	0	17	15	1877	78
TAGE	1	1	112	0	710	0	17	15	1877	79
#############################
# fake the rest of slot 14
#############################
TAGE	1	14	1	0	710	0	17	15	1877	0
TAGE	1	14	2	0	710	0	17	15	1877	1
TAGE	1	14	3	0	710	0	17	15	1877	2
TAGE	1	14	4	0	710	0	17	15	1877	3
TAGE	1	14	5	0	710	0	17	15	1877	4
TAGE	1	14	6	0	710	0	17	15	1877	5
TAGE	1	14	7	0	710	0	17	15	1877	6
TAGE	1	14	8	0	710	0	17	15	1877	7
TAGE	1	14	9	0	710	0	17	15	1877	8
TAGE	1	14	10	0	710	0	17	15	1877	9
TAGE	1	14	11	0	710	0	17	15	1877	10
TAGE	1	14	12	0	710	0	17	15	1877	11
TAGE	1	14	13	0	710	0	17	15	1877	12
TAGE	1	14	14	0	710	0	17	15	1877	13
TAGE	1	14	15	0	710	0	17	15	1877	14
TAGE	1	14	16	0	710	0	17	15	1877	15
#
TAGE	1	14	17	0	710	0	17	15	1877	16
TAGE	1	14	18	0	710	0	17	15	1877	17
TAGE	1	14	19	0	710	0	17	15	1877	18
TAGE	1	14	20	0	710	0	17	15	1877	19
TAGE	1	14	21	0	710	0	17	15	1877	20
TAGE	1	14	22	0	710	0	17	15	1877	21
TAGE	1	14	23	0	710	0	17	15	1877	22
TAGE	1	14	24	0	710	0	17	15	1877	23
TAGE	1	14	25	0	710	0	17	15	1877	24
TAGE	1	14	26	0	710	0	17	15	1877	25
TAGE	1	14	27	0	710	0	17	15	1877	26
TAGE	1	14	28	0	710	0	17	15	1877	27
TAGE	1	14	29	0	710	0	17	15	1877	28
TAGE	1	14	30	0	710	0	17	15	1877	29
TAGE	1	14	31	0	710	0	17	15	1877	30
TAGE	1	14	32	0	710	0	17	15	1877	31
#
TAGE	1	14	33	0	710	0	17	15	1877	32
TAGE	1	14	34	0	710	0	17	15	1877	33
TAGE	1	14	35	0	710	0	17	15	1877	34
TAGE	1	14	36	0	710	0	17	15	1877	35
TAGE	1	14	37	0	710	0	17	15	1877	36
TAGE	1	14	38	0	710	0	17	15	1877	37
TAGE	1	14	39	0	710	0	17	15	1877	38
TAGE	1	14	40	0	710	0	17	15	1877	39
TAGE	1	14	41	0	710	0	17	15	1877	40
TAGE	1	14	42	0	710	0	17	15	1877	41
TAGE	1	14	43	0	710	0	17	15	1877	42
TAGE	1	14	44	0	710	0	17	15	1877	43
TAGE	1	14	45	0	710	0	17	15	1877	44
TAGE	1	14	46	0	710	0	17	15	1877	45
TAGE	1	14	47	0	710	0	17	15	1877	46
TAGE	1	14	48	0	710	0	17	15	1877	47
#
TAGE	1	14	81	0	710	0	17	15	1877	80
TAGE	1	14	82	0	710	0	17	15	1877	81
TAGE	1	14	83	0	710	0	17	15	1877	82
TAGE	1	14	84	0	710	0	17	15	1877	83
TAGE	1	14	85	0	710	0	17	15	1877	84
TAGE	1	14	86	0	710	0	17	15	1877	85
TAGE	1	14	87	0	710	0	17	15	1877	86
TAGE	1	14	88	0	710	0	17	15	1877	87
TAGE	1	14	89	0	710	0	17	15	1877	88
TAGE	1	14	90	0	710	0	17	15	1877	89
TAGE	1	14	91	0	710	0	17	15	1877	90
TAGE	1	14	92	0	710	0	17	15	1877	91
TAGE	1	14	93	0	710	0	17	15	1877	92
TAGE	1	14	94	0	710	0	17	15	1877	93
TAGE	1	14	95	0	710	0	17	15	1877	94
TAGE	1	14	96	0	710	0	17	15	1877	95
#bank	sector#	sd1#	sd2#	ind#	tag#	stat#	roc#	slot#	type	channel#
TAGE	1	1	65	0	710	0	17	10	1877	32
TAGE	1	1	66	0	710	0	17	10	1877	33
TAGE	1	1	67	0	710	0	17	10	1877	34
TAGE	1	1	68	0	710	0	17	10	1877	35
TAGE	1	1	69	0	710	0	17	10	1877	36
TAGE	1	1	70	0	710	0	17	10	1877	37
TAGE	1	1	71	0	710	0	17	10	1877	38
TAGE	1	1	72	0	710	0	17	10	1877	39
TAGE	1	1	73	0	710	0	17	10	1877	40
TAGE	1	1	74	0	710	0	17	10	1877	41
TAGE	1	1	75	0	710	0	17	10	1877	42
TAGE	1	1	76	0	710	0	17	10	1877	43
TAGE	1	1	77	0	710	0	17	10	1877	44
TAGE	1	1	78	0	710	0	17	10	1877	45
TAGE	1	1	79	0	710	0	17	10	1877	46
TAGE	1	1	80	0	710	0	17	10	1877	47
#bank	sector#	sd1#	sd2#	ind#	tag#	stat#	roc#	slot#	type	channel#
TAGE	1	1	113	0	710	0	17	10	1877	48
TAGE	1	1	114	0	710	0	17	10	1877	49
TAGE	1	1	115	0	710	0	17	10	1877	50
TAGE	1	1	116	0	710	0	17	10	1877	51
TAGE	1	1	117	0	710	0	17	10	1877	52
TAGE	1	1	118	0	710	0	17	10	1877	53
TAGE	1	1	119	0	710	0	17	10	1877	54
TAGE	1	1	120	0	710	0	17	10	1877	55
TAGE	1	1	121	0	710	0	17	10	1877	56
TAGE	1	1	122	0	710	0	17	10	1877	57
TAGE	1	1	123	0	710	0	17	10	1877	58
TAGE	1	1	124	0	710	0	17	10	1877	59
TAGE	1	1	125	0	710	0	17	10	1877	60
TAGE	1	1	126	0	710	0	17	10	1877	61
TAGE	1	1	127	0	710	0	17	10	1877	62
TAGE	1	1	128	0	710	0	17	10	1877	63
#############################
# fake the rest of slot 15
#############################
TAGE	1	15	1	0	710	0	17	10	1877	0
TAGE	1	15	2	0	710	0	17	10	1877	1
TAGE	1	15	3	0	710	0	17	10	1877	2
TAGE	1	15	4	0	710	0	17	10	1877	3
TAGE	1	15	5	0	710	0	17	10	1877	4
TAGE	1	15	6	0	710	0	17	10	1877	5
TAGE	1	15	7	0	710	0	17	10	1877	6
TAGE	1	15	8	0	710	0	17	10	1877	7
TAGE	1	15	9	0	710	0	17	10	1877	8
TAGE	1	15	10	0	710	0	17	10	1877	9
TAGE	1	15	11	0	710	0	17	10	1877	10
TAGE	1	15	12	0	710	0	17	10	1877	11
TAGE	1	15	13	0	710	0	17	10	1877	12
TAGE	1	15	14	0	710	0	17	10	1877	13
TAGE	1	15	15	0	710	0	17	10	1877	14
TAGE	1	15	16	0	710	0	17	10	1877	15
#
TAGE	1	15	17	0	710	0	17	10	1877	16
TAGE	1	15	18	0	710	0	17	10	1877	17
TAGE	1	15	19	0	710	0	17	10	1877	18
TAGE	1	15	20	0	710	0	17	10	1877	19
TAGE	1	15	21	0	710	0	17	10	1877	20
TAGE	1	15	22	0	710	0	17	10	1877	21
TAGE	1	15	23	0	710	0	17	10	1877	22
TAGE	1	15	24	0	710	0	17	10	1877	23
TAGE	1	15	25	0	710	0	17	10	1877	24
TAGE	1	15	26	0	710	0	17	10	1877	25
TAGE	1	15	27	0	710	0	17	10	1877	26
TAGE	1	15	28	0	710	0	17	10	1877	27
TAGE	1	15	29	0	710	0	17	10	1877	28
TAGE	1	15	30	0	710	0	17	10	1877	29
TAGE	1	15	31	0	710	0	17	10	1877	30
TAGE	1	15	32	0	710	0	17	10	1877	31
#
TAGE	1	15	65	0	710	0	17	10	1877	64
TAGE	1	15	66	0	710	0	17	10	1877	65
TAGE	1	15	67	0	710	0	17	10	1877	66
TAGE	1	15	68	0	710	0	17	10	1877	67
TAGE	1	15	69	0	710	0	17	10	1877	68
TAGE	1	15	70	0	710	0	17	10	1877	69
TAGE	1	15	71	0	710	0	17	10	1877	70
TAGE	1	15	72	0	710	0	17	10	1877	71
TAGE	1	15	73	0	710	0	17	10	1877	72
TAGE	1	15	74	0	710	0	17	10	1877	73
TAGE	1	15	75	0	710	0	17	10	1877	74
TAGE	1	15	76	0	710	0	17	10	1877	75
TAGE	1	15	77	0	710	0	17	10	1877	76
TAGE	1	15	78	0	710	0	17	10	1877	77
TAGE	1	15	79	0	710	0	17	10	1877	78
TAGE	1	15	80	0	710	0	17	10	1877	79
#
