 8 0.5 0.5 0.5
 9 0.00 0.00 0.27
10 0.00 0.00 0.30
11 0.00 0.00 0.33
12 0.00 0.00 0.36
13 0.00 0.00 0.39
14 0.00 0.00 0.42
15 0.00 0.00 0.45
16 0.00 0.00 0.48
17 0.00 0.00 0.52
18 0.00 0.00 0.56
19 0.00 0.00 0.60
20 0.00 0.00 0.64
21 0.00 0.08 0.68
22 0.00 0.15 0.68
23 0.00 0.23 0.70
24 0.00 0.31 0.70
25 0.00 0.38 0.70
26 0.00 0.46 0.70
27 0.00 0.53 0.64
28 0.00 0.59 0.56
29 0.00 0.66 0.48
30 0.00 0.73 0.40
31 0.00 0.80 0.33
32 0.00 0.87 0.00
33 0.17 0.72 0.00
34 0.33 0.58 0.00
35 0.50 0.43 0.00
36 0.67 0.29 0.00
37 0.83 0.14 0.00
38 1.00 0.00 0.00
39 1.00 0.08 0.00
40 1.00 0.17 0.00
41 1.00 0.25 0.00
42 1.00 0.33 0.00
43 1.00 0.42 0.00
44 1.00 0.50 0.00
45 1.00 0.58 0.00
46 1.00 0.67 0.00
47 1.00 0.75 0.00
48 1.00 0.83 0.00
49 1.00 0.92 0.00
50 1.00 1.00 0.00
51 1.00 1.00 0.17
52 1.00 1.00 0.33
53 1.00 1.00 0.50
54 1.00 1.00 0.67
55 1.00 1.00 0.83
56 1.00 1.00 1.00 
